# step, loss_train, loss_test, metrics_test
0.000000000000000000e+00 1.597395688295364380e-01 1.386399716138839722e-01 9.350966662168502808e-02 9.007463455200195312e+00 9.493275880813598633e-01 3.454462814331054688e+01 1.329757976531982422e+01 4.359171688556671143e-01 9.049836158752441406e+00 5.610627532005310059e-01 1.584787070751190186e-01 1.397927403450012207e-01 9.277566522359848022e-02 8.056842803955078125e+00 8.299216032028198242e-01 3.612519454956054688e+01 1.358741569519042969e+01 3.393085598945617676e-01 8.985317230224609375e+00 5.637547373771667480e-01
1.000000000000000000e+03 7.670157402753829956e-02 1.832193881273269653e-02 1.215089298784732819e-02 2.350468654185533524e-03 3.342991461977362633e-03 3.437708318233489990e-02 1.203265972435474396e-02 5.378780770115554333e-04 1.725570261478424072e-01 1.151453331112861633e-02 7.746236026287078857e-02 1.836752705276012421e-02 1.234722789376974106e-02 7.889184169471263885e-03 7.542267441749572754e-03 5.141499638557434082e-02 1.326638460159301758e-02 1.055573811754584312e-03 1.743085533380508423e-01 1.170846447348594666e-02
2.000000000000000000e+03 6.583438068628311157e-02 1.597441546618938446e-02 9.246897883713245392e-03 1.052986481226980686e-03 1.790341339074075222e-03 2.110761776566505432e-02 1.041874103248119354e-02 2.315182355232536793e-04 1.149726212024688721e-01 8.490055799484252930e-03 6.801701337099075317e-02 1.655012182891368866e-02 9.539594873785972595e-03 4.727248568087816238e-03 5.601030308753252029e-03 4.374504089355468750e-02 1.192397810518741608e-02 7.325270562432706356e-04 1.185216680169105530e-01 8.923789486289024353e-03
3.000000000000000000e+03 5.964596197009086609e-02 1.578292623162269592e-02 8.006459102034568787e-03 9.307564469054341316e-04 8.477885276079177856e-04 4.864742979407310486e-02 3.960857167840003967e-02 2.070188784273341298e-04 9.209879487752914429e-02 7.268930319696664810e-03 6.354343891143798828e-02 1.670518703758716583e-02 8.299078792333602905e-03 4.245573189109563828e-03 4.102492239326238632e-03 8.106108009815216064e-02 4.025369882583618164e-02 6.258415523916482925e-04 9.678918868303298950e-02 7.696514017879962921e-03
4.000000000000000000e+03 4.578037187457084656e-02 1.538502424955368042e-02 7.135480642318725586e-03 4.512269515544176102e-04 6.903382600285112858e-04 1.277417037636041641e-02 8.121909573674201965e-03 1.372254773741587996e-04 7.196125388145446777e-02 6.665554363280534744e-03 5.159967020153999329e-02 1.659330725669860840e-02 7.508579641580581665e-03 4.025603178888559341e-03 4.369492642581462860e-03 6.211179494857788086e-02 1.083737611770629883e-02 4.156614304520189762e-04 7.751392573118209839e-02 7.147882133722305298e-03
5.000000000000000000e+03 3.706768900156021118e-02 1.482908241450786591e-02 6.545652635395526886e-03 2.557056141085922718e-04 3.377656685188412666e-04 8.441396988928318024e-03 4.195004701614379883e-03 1.132731340476311743e-04 5.858275294303894043e-02 5.978096742182970047e-03 4.608866572380065918e-02 1.657535694539546967e-02 7.046893239021301270e-03 3.772119991481304169e-03 3.630430204793810844e-03 7.929313927888870239e-02 7.028933148831129074e-03 2.927298774011433125e-04 6.580530107021331787e-02 6.424662657082080841e-03
6.000000000000000000e+03 2.884058654308319092e-02 1.332309097051620483e-02 5.898119416087865829e-03 2.585790061857551336e-04 2.383869868936017156e-04 1.004353072494268417e-02 2.910509938374161720e-03 8.670412353239953518e-05 4.720658808946609497e-02 5.539334844797849655e-03 4.305805265903472900e-02 1.580557040870189667e-02 6.552618462592363358e-03 4.306674934923648834e-03 3.207905218005180359e-03 1.069786027073860168e-01 6.744564510881900787e-03 2.091176720568910241e-04 5.630348622798919678e-02 5.984473507851362228e-03
7.000000000000000000e+03 1.207728683948516846e-01 3.448621928691864014e-02 1.749901473522186279e-02 4.766607657074928284e-03 4.786806646734476089e-03 3.517222031950950623e-02 7.164940237998962402e-03 6.214847089722752571e-04 1.496753394603729248e-01 1.192787103354930878e-02 1.249058544635772705e-01 3.507382050156593323e-02 1.762347295880317688e-02 1.295969262719154358e-02 5.665469914674758911e-03 5.777025967836380005e-02 8.126892149448394775e-03 8.109955815598368645e-04 1.537585407495498657e-01 1.227705553174018860e-02
8.000000000000000000e+03 4.844211041927337646e-02 2.287547104060649872e-02 1.075583696365356445e-02 6.792935892008244991e-04 8.443620754405856133e-04 1.150236278772354126e-02 3.719153814017772675e-03 1.694341772235929966e-04 7.395126670598983765e-02 7.379325572401285172e-03 5.416772514581680298e-02 2.400390617549419403e-02 1.098887436091899872e-02 4.559689201414585114e-03 2.513565355911850929e-03 4.429183527827262878e-02 5.349375773221254349e-03 2.585474285297095776e-04 8.079497516155242920e-02 7.758476771414279938e-03
9.000000000000000000e+03 3.579927980899810791e-02 1.869094371795654297e-02 7.778543513268232346e-03 3.372226201463490725e-04 4.093573661521077156e-04 6.595716811716556549e-03 2.464096993207931519e-03 9.372502245241776109e-05 5.683205649256706238e-02 6.444829516112804413e-03 4.502475634217262268e-02 2.048631384968757629e-02 8.171834051609039307e-03 3.337992588058114052e-03 1.754930708557367325e-03 5.090148746967315674e-02 4.689333960413932800e-03 1.275028917007148266e-04 6.405005604028701782e-02 6.924064364284276962e-03
1.000000000000000000e+04 2.770083770155906677e-02 1.577152125537395477e-02 6.395260803401470184e-03 2.218023146269842982e-04 2.460215473547577858e-04 1.988551393151283264e-02 2.456900896504521370e-03 6.011296500219032168e-05 4.416885972023010254e-02 5.782055202871561050e-03 4.190416634082794189e-02 1.836815290153026581e-02 6.996191106736660004e-03 2.659441903233528137e-03 1.493520685471594334e-03 7.884253561496734619e-02 5.115860607475042343e-03 9.685556142358109355e-05 5.207109823822975159e-02 6.365616805851459503e-03
1.100000000000000000e+04 2.264036796987056732e-02 1.377743110060691833e-02 5.735673476010560989e-03 1.196846933453343809e-04 7.394831627607345581e-04 5.377179477363824844e-03 5.411140620708465576e-02 7.050269778119400144e-05 3.625568002462387085e-02 5.739438347518444061e-03 4.630379006266593933e-02 1.797178573906421661e-02 6.756077054888010025e-03 2.372297225520014763e-03 1.973574049770832062e-03 7.121929526329040527e-02 5.626365169882774353e-02 1.252109213965013623e-04 4.584776610136032104e-02 6.442175246775150299e-03
1.200000000000000000e+04 1.651134714484214783e-02 1.137196272611618042e-02 5.238879472017288208e-03 9.641865472076460719e-05 1.293789828196167946e-04 2.679727971553802490e-03 1.085827243514358997e-03 4.381371400086209178e-05 2.814903669059276581e-02 4.224450793117284775e-03 5.599448084831237793e-02 1.827794872224330902e-02 6.911340169608592987e-03 2.489844337105751038e-03 1.692324178293347359e-03 8.253034949302673340e-02 5.295479204505681992e-03 8.879941742634400725e-05 3.953885659575462341e-02 5.076363682746887207e-03
1.300000000000000000e+04 1.173129212111234665e-02 9.278369136154651642e-03 4.752405919134616852e-03 9.280616359319537878e-05 9.855424286797642708e-05 7.078791502863168716e-03 1.143699744716286659e-03 3.861536970362067223e-05 1.885527372360229492e-02 3.098559333011507988e-03 7.678243517875671387e-02 2.115800604224205017e-02 7.371283601969480515e-03 2.306556329131126404e-03 1.911056227982044220e-03 1.243758797645568848e-01 8.661407046020030975e-03 8.937154780142009258e-05 3.131888806819915771e-02 4.046791233122348785e-03
1.400000000000000000e+04 3.887592256069183350e-02 1.901184953749179840e-02 9.831970557570457458e-03 4.652114585041999817e-04 6.663548410870134830e-04 5.585825536400079727e-03 2.698497613891959190e-03 7.897840987425297499e-05 5.053294450044631958e-02 5.517988465726375580e-03 5.751898512244224548e-02 2.323688007891178131e-02 1.050013955682516098e-02 2.565328963100910187e-03 1.772148767486214638e-03 4.765059426426887512e-02 4.756681155413389206e-03 1.328794751316308975e-04 5.675941705703735352e-02 5.777062848210334778e-03
1.500000000000000000e+04 2.207653596997261047e-02 1.416754070669412613e-02 6.752904504537582397e-03 1.693671074463054538e-04 2.598999417386949062e-04 3.312544431537389755e-03 1.412031007930636406e-03 4.830468242289498448e-05 3.548875078558921814e-02 4.355284385383129120e-03 6.090487912297248840e-02 2.355735562741756439e-02 7.956866174936294556e-03 1.469121780246496201e-03 1.330529921688139439e-03 6.230836734175682068e-02 4.718130454421043396e-03 8.276211883639916778e-05 4.421257227659225464e-02 4.866773262619972229e-03
1.600000000000000000e+04 1.543506979942321777e-02 1.131364144384860992e-02 5.836294032633304596e-03 1.168470771517604589e-04 5.371201550588011742e-04 6.830398458987474442e-03 2.685365080833435059e-02 8.474537025904282928e-05 2.440619468688964844e-02 3.245566505938768387e-03 8.300678431987762451e-02 2.994868159294128418e-02 7.613072171807289124e-03 1.294702291488647461e-03 1.608020626008510590e-03 8.025120943784713745e-02 3.006911464035511017e-02 1.405637012794613838e-04 3.651057928800582886e-02 3.806827589869499207e-03
1.700000000000000000e+04 8.937706239521503448e-03 8.053362369537353516e-03 4.603863693773746490e-03 7.404741336358711123e-05 1.039637863868847489e-04 1.727442606352269650e-03 1.105638686567544937e-03 3.504060077830217779e-05 1.446437928825616837e-02 2.010797383263707161e-03 1.149200275540351868e-01 3.894387558102607727e-02 7.344298996031284332e-03 1.329194172285497189e-03 1.509364810772240162e-03 1.035732999444007874e-01 5.951800849288702011e-03 8.665374480187892914e-05 2.880157716572284698e-02 2.628851681947708130e-03
1.800000000000000000e+04 5.908682011067867279e-03 5.994767416268587112e-03 3.593443892896175385e-03 6.092389230616390705e-05 1.275936665479093790e-04 2.334228949621319771e-03 8.770924177952110767e-04 3.823892984655685723e-05 7.530177012085914612e-03 1.095665851607918739e-03 1.414026021957397461e-01 5.125916749238967896e-02 7.544961757957935333e-03 1.202437677420675755e-03 1.618660171516239643e-03 1.451617926359176636e-01 7.100422400981187820e-03 8.942508429754525423e-05 2.270301990211009979e-02 1.667582429945468903e-03
1.900000000000000000e+04 4.938920959830284119e-03 5.258512683212757111e-03 2.854070160537958145e-03 1.348375080851837993e-04 2.088681794703006744e-04 1.236694678664207458e-02 4.456866066902875900e-03 1.717858322081156075e-05 3.586369333788752556e-03 7.721924921497702599e-04 1.691786795854568481e-01 6.905495375394821167e-02 8.460449986159801483e-03 1.480641076341271400e-03 2.055156510323286057e-03 2.079405188560485840e-01 1.084687653928995132e-02 5.306130333337932825e-05 1.906747743487358093e-02 1.216058037243783474e-03
2.000000000000000000e+04 4.267793148756027222e-02 2.284590527415275574e-02 1.063940301537513733e-02 4.993311595171689987e-04 6.466975901275873184e-04 6.394201889634132385e-03 2.476777648553252220e-03 9.964177297661080956e-05 5.683390796184539795e-02 6.072056479752063751e-03 5.963347479701042175e-02 2.584032714366912842e-02 1.120502036064863205e-02 3.891599364578723907e-03 1.809849636629223824e-03 6.071219220757484436e-02 3.427139017730951309e-03 1.275544491363689303e-04 6.456417590379714966e-02 6.603513844311237335e-03
2.100000000000000000e+04 2.643503993749618530e-02 1.698201708495616913e-02 7.049318403005599976e-03 2.057982637779787183e-04 3.030637453775852919e-04 3.550699679180979729e-03 1.558528630994260311e-03 6.127242522779852152e-05 4.052194952964782715e-02 4.956482443958520889e-03 6.148089468479156494e-02 2.302808873355388641e-02 7.953123189508914948e-03 2.189575461670756340e-03 1.625894219614565372e-03 8.054989576339721680e-02 3.058000933378934860e-03 7.614875357830896974e-05 4.980824142694473267e-02 5.614105612039566040e-03
2.200000000000000000e+04 1.801934465765953064e-02 1.285021565854549408e-02 5.706352647393941879e-03 1.308439241256564856e-04 2.096754033118486404e-04 2.452097134664654732e-03 1.128092524595558643e-03 4.405989602673798800e-05 2.972470782697200775e-02 3.646086435765028000e-03 8.667433261871337891e-02 2.611829899251461029e-02 7.301015779376029968e-03 1.893251901492476463e-03 1.991197001188993454e-03 9.928437322378158569e-02 3.219611709937453270e-03 6.271040183492004871e-05 4.192832484841346741e-02 4.291191697120666504e-03
2.300000000000000000e+04 1.232416275888681412e-02 9.307250380516052246e-03 4.880829714238643646e-03 1.302719174418598413e-04 1.457043108530342579e-04 2.718382282182574272e-03 9.191316785290837288e-04 4.061818617628887296e-05 1.992929913103580475e-02 2.322241896763443947e-03 1.287640482187271118e-01 3.596692159771919250e-02 7.772231474518775940e-03 2.164234872907400131e-03 1.916759531013667583e-03 1.461621373891830444e-01 3.566074417904019356e-03 6.305864371825009584e-05 3.555016219615936279e-02 2.820094814524054527e-03
2.400000000000000000e+04 7.780538871884346008e-03 6.665809080004692078e-03 3.911805339157581329e-03 8.860939124133437872e-05 9.121753100771456957e-05 1.330583239905536175e-03 5.682231276296079159e-04 3.233748066122643650e-05 1.230444945394992828e-02 1.438950421288609505e-03 1.691086590290069580e-01 4.683636128902435303e-02 8.204189129173755646e-03 1.838993164710700512e-03 1.739167375490069389e-03 1.651500165462493896e-01 3.419965272769331932e-03 5.242964471108280122e-05 3.067485988140106201e-02 1.912099774926900864e-03
2.500000000000000000e+04 5.074438638985157013e-03 4.929578863084316254e-03 2.958898199722170830e-03 4.176844231551513076e-05 5.494519427884370089e-05 9.150473633781075478e-04 3.543648635968565941e-04 2.243566268589347601e-05 6.866942159831523895e-03 8.050912292674183846e-04 2.008681148290634155e-01 6.387539952993392944e-02 9.283294901251792908e-03 1.457774778828024864e-03 1.633456442505121231e-03 1.942099183797836304e-01 3.357040695846080780e-03 3.825897874776273966e-05 2.742089144885540009e-02 1.205350738018751144e-03
2.500000000000000000e+04 2.427495419979095459e-01 8.665800839662551880e-02 1.258209533989429474e-02 1.330686500295996666e-03 1.758869271725416183e-03 1.843034476041793823e-01 3.359560621902346611e-03 4.431506022228859365e-05 2.318056672811508179e-02 1.299658324569463730e-03 2.008681148290634155e-01 6.387539952993392944e-02 9.283294901251792908e-03 1.457774778828024864e-03 1.633456442505121231e-03 1.942099183797836304e-01 3.357040695846080780e-03 3.825897874776273966e-05 2.742089144885540009e-02 1.205350738018751144e-03
2.600000000000000000e+04 7.231400348246097565e-03 6.619426887482404709e-03 4.114448558539152145e-03 5.477822560351341963e-05 7.272510993061587214e-05 9.950302774086594582e-04 4.482384538277983665e-04 3.028339415322989225e-05 8.756740018725395203e-03 1.442972454242408276e-03 1.242262274026870728e-01 6.663019210100173950e-02 7.162960246205329895e-03 9.674164466559886932e-04 8.058121893554925919e-04 9.241302311420440674e-02 2.028898335993289948e-03 6.345636938931420445e-05 2.812022343277931213e-02 1.836814451962709427e-03
2.700000000000000000e+04 3.234985098242759705e-02 2.215099707245826721e-02 8.868811652064323425e-03 3.435440012253820896e-04 5.066806916147470474e-04 4.946266300976276398e-03 1.769522321410477161e-03 7.316108531085774302e-05 5.076376348733901978e-02 6.573440041393041611e-03 4.333388432860374451e-02 2.247857674956321716e-02 8.454261347651481628e-03 1.581231132149696350e-03 1.300516771152615547e-03 3.306533768773078918e-02 2.541013527661561966e-03 1.012743814499117434e-04 6.311488151550292969e-02 7.111640181392431259e-03
2.800000000000000000e+04 1.808168180286884308e-02 1.606916822493076324e-02 6.678217090666294098e-03 1.559601514600217342e-04 2.699052565731108189e-04 3.218382596969604492e-03 1.325995312072336674e-03 5.391696322476491332e-05 2.985572069883346558e-02 4.806447774171829224e-03 7.133294641971588135e-02 2.861864678561687469e-02 6.708084605634212494e-03 1.036397879943251610e-03 1.339313923381268978e-03 6.817460805177688599e-02 3.009093226864933968e-03 8.249873644672334194e-05 4.578756541013717651e-02 5.354707129299640656e-03
2.900000000000000000e+04 1.229121163487434387e-02 1.239609532058238983e-02 5.702279042452573776e-03 1.282455923501402140e-04 2.469122409820556641e-04 2.865650132298469543e-02 5.392948538064956665e-02 5.943608994130045176e-05 1.634368486702442169e-02 3.049927530810236931e-03 1.210369840264320374e-01 4.180878400802612305e-02 6.550599820911884308e-03 9.769628522917628288e-04 1.494878553785383701e-03 1.600773483514785767e-01 5.526613816618919373e-02 1.120514571084640920e-04 3.361531719565391541e-02 3.480908460915088654e-03
3.000000000000000000e+04 7.772679440677165985e-03 7.971041835844516754e-03 4.413544200360774994e-03 7.789480878273025155e-05 1.476068282499909401e-04 3.970685880631208420e-03 6.329066585749387741e-03 3.867237683152779937e-05 9.533940814435482025e-03 1.798951881937682629e-03 1.651334762573242188e-01 6.091366708278656006e-02 6.483606994152069092e-03 8.535613305866718292e-04 1.774363219738006592e-03 1.493756771087646484e-01 8.189124986529350281e-03 8.748850814299657941e-05 3.113380819559097290e-02 2.133235801011323929e-03
3.100000000000000000e+04 5.580431222915649414e-02 2.566251531243324280e-02 1.223205402493476868e-02 1.061354530975222588e-03 1.236787298694252968e-03 7.651992142200469971e-03 2.399016171693801880e-03 9.198563930112868547e-05 7.638790458440780640e-02 6.950332317501306534e-03 5.735437572002410889e-02 2.377576194703578949e-02 1.198673062026500702e-02 2.901740605011582375e-03 2.371005248278379440e-03 2.391513064503669739e-02 3.033393761143088341e-03 1.350057573290541768e-04 8.503568172454833984e-02 7.234031334519386292e-03
3.200000000000000000e+04 2.279538474977016449e-02 1.802928932011127472e-02 7.326693739742040634e-03 2.261836489196866751e-04 3.760366234928369522e-04 3.194547491148114204e-03 1.111648743972182274e-03 5.719481850974261761e-05 4.089975729584693909e-02 5.604621954262256622e-03 5.853318050503730774e-02 2.612401731312274933e-02 7.124781608581542969e-03 7.368961232714354992e-04 1.394822727888822556e-03 2.376918308436870575e-02 1.848215470090508461e-03 7.511639705626294017e-05 5.300164967775344849e-02 6.134863477200269699e-03
3.300000000000000000e+04 1.345882099121809006e-02 1.210760883986949921e-02 5.968310870230197906e-03 1.182080741273239255e-04 2.584824396762996912e-04 2.009106799960136414e-03 9.377348469570279121e-04 5.152114317752420902e-05 2.197302505373954773e-02 3.312820335850119591e-03 1.407723277807235718e-01 4.743792116641998291e-02 6.519019603729248047e-03 5.809296853840351105e-04 1.568831619806587696e-03 4.493391141295433044e-02 1.706101233139634132e-03 7.078442286001518369e-05 3.716866672039031982e-02 3.758556907996535301e-03
3.400000000000000000e+04 8.603686466813087463e-03 8.215396665036678314e-03 4.595376085489988327e-03 8.005619747564196587e-05 1.549854059703648090e-04 1.175891025923192501e-03 4.034166922792792320e-04 4.024866939289495349e-05 1.241771876811981201e-02 1.930051250383257866e-03 1.842739284038543701e-01 7.954701781272888184e-02 5.656220484524965286e-03 5.807207198813557625e-04 1.461780397221446037e-03 7.717795670032501221e-02 1.083496841602027416e-03 6.088909140089526772e-05 2.963835373520851135e-02 2.234165091067552567e-03
3.500000000000000000e+04 8.806915953755378723e-03 7.880552671849727631e-03 4.424666985869407654e-03 3.167462418787181377e-04 2.587190247140824795e-04 1.988043775781989098e-03 6.000244175083935261e-04 2.814551044139079750e-05 1.098904199898242950e-02 1.653800252825021744e-03 2.088753134012222290e-01 8.574888110160827637e-02 5.445735529065132141e-03 5.901312106288969517e-04 1.531468937173485756e-03 9.527692198753356934e-02 1.096580876037478447e-03 4.707395055447705090e-05 3.041188977658748627e-02 1.895199296995997429e-03
3.600000000000000000e+04 2.985748276114463806e-02 1.974936574697494507e-02 8.356705307960510254e-03 3.721154353115707636e-04 7.161017274484038353e-04 4.895527847111225128e-03 1.766020082868635654e-03 6.524088530568405986e-05 4.629418626427650452e-02 5.927366204559803009e-03 5.893725901842117310e-02 2.862096950411796570e-02 8.277102373540401459e-03 1.555820810608565807e-03 1.690126839093863964e-03 4.211984947323799133e-02 2.082017017528414726e-03 8.542877912987023592e-05 5.770690739154815674e-02 6.404905114322900772e-03
3.700000000000000000e+04 1.732132956385612488e-02 1.399090606719255447e-02 6.555705796927213669e-03 1.699651329545304179e-04 3.701736859511584044e-04 9.017261676490306854e-03 1.590175670571625233e-03 4.032883953186683357e-05 2.853590995073318481e-02 4.755184520035982132e-03 1.074044480919837952e-01 5.458661168813705444e-02 6.734367925673723221e-03 1.108944299630820751e-03 1.616453984752297401e-03 6.608542799949645996e-02 2.296661492437124252e-03 5.063980643171817064e-05 4.409273713827133179e-02 5.335877649486064911e-03
3.800000000000000000e+04 1.056896895170211792e-02 1.011687889695167542e-02 5.317693110555410385e-03 1.041260693455114961e-04 2.609614166431128979e-04 3.608979750424623489e-03 7.445013616234064102e-04 3.286603168817237020e-05 1.413428131490945816e-02 2.869875635951757431e-03 1.582875549793243408e-01 6.341991573572158813e-02 6.686899811029434204e-03 9.237253107130527496e-04 1.827244530431926250e-03 1.161385774612426758e-01 1.854866975918412209e-03 4.636400990420952439e-05 3.223219513893127441e-02 3.236457938328385353e-03
3.900000000000000000e+04 7.328575477004051208e-03 7.559278979897499084e-03 4.182411823421716690e-03 6.721397221554070711e-05 1.776097051333636045e-04 5.293890833854675293e-03 4.113358911126852036e-03 2.875127393053844571e-05 7.474160753190517426e-03 1.571180531755089760e-03 1.769571006298065186e-01 8.716783672571182251e-02 6.531561724841594696e-03 6.741255638189613819e-04 1.710491487756371498e-03 1.663160175085067749e-01 5.553380120545625687e-03 4.221260678605176508e-05 2.620347961783409119e-02 1.824686652980744839e-03
4.000000000000000000e+04 2.859903499484062195e-02 2.025211043655872345e-02 8.714282885193824768e-03 4.370477981865406036e-04 6.219404167495667934e-04 5.170509219169616699e-02 1.895252382382750511e-03 4.800038732355460525e-05 4.641035199165344238e-02 5.961949471384286880e-03 4.872813820838928223e-02 2.416002564132213593e-02 8.493003435432910919e-03 1.040941453538835049e-03 1.511746086180210114e-03 7.042513042688369751e-02 2.253616927191615105e-03 6.446644692914560437e-05 5.738969147205352783e-02 6.236033979803323746e-03
4.100000000000000000e+04 1.266591437160968781e-02 1.149377413094043732e-02 5.411280319094657898e-03 1.138246880145743489e-04 2.731237909756600857e-04 3.366931574419140816e-03 7.629854953847825527e-04 4.942293526255525649e-05 1.627600938081741333e-02 2.556473715230822563e-03 1.286005228757858276e-01 8.255284279584884644e-02 6.671329960227012634e-03 6.157614989206194878e-04 1.482449471950531006e-03 5.072257667779922485e-02 1.773742958903312683e-03 5.078294634586200118e-05 3.270570188760757446e-02 2.796326531097292900e-03
4.200000000000000000e+04 6.524695083498954773e-03 6.586242467164993286e-03 3.805937943980097771e-03 5.607982893707230687e-05 1.735905389068648219e-04 1.032351516187191010e-03 4.385632055345922709e-04 2.685112667677458376e-05 6.609685253351926804e-03 1.180757652036845684e-03 1.878088116645812988e-01 1.258008629083633423e-01 5.765323992818593979e-03 2.953596122097223997e-04 1.536091556772589684e-03 8.059281855821609497e-02 1.294843736104667187e-03 4.625898873200640082e-05 2.468151785433292389e-02 1.342377392575144768e-03
4.300000000000000000e+04 2.773390896618366241e-02 2.007943019270896912e-02 8.885996416211128235e-03 2.778347698040306568e-04 4.435322480276226997e-04 3.355013206601142883e-03 8.324160007759928703e-04 4.728583371615968645e-05 4.808604344725608826e-02 6.677468307316303253e-03 4.392111673951148987e-02 2.334833517670631409e-02 8.405803702771663666e-03 5.549152265302836895e-04 1.191532472148537636e-03 1.432486623525619507e-02 1.156837097369134426e-03 5.028535451856441796e-05 5.718035250902175903e-02 6.946501322090625763e-03
4.400000000000000000e+04 1.186439394950866699e-02 1.002937369048595428e-02 5.189192481338977814e-03 1.153902485384605825e-04 2.553619269747287035e-04 1.432293560355901718e-03 4.087950801476836205e-04 3.612159707699902356e-05 1.907180808484554291e-02 2.613800112158060074e-03 1.486863940954208374e-01 5.494305863976478577e-02 5.999657325446605682e-03 3.536251024343073368e-04 1.163548091426491737e-03 1.771549880504608154e-02 6.604652735404670238e-04 4.717463161796331406e-05 3.555539250373840332e-02 2.830239478498697281e-03
4.500000000000000000e+04 6.761418282985687256e-02 3.507434204220771790e-02 7.938327267765998840e-03 1.433027791790664196e-03 3.507770365104079247e-03 7.506271358579397202e-03 1.380579313263297081e-03 3.106282747467048466e-05 9.811566025018692017e-02 1.054164394736289978e-02 8.154165744781494141e-02 5.544637143611907959e-02 7.269927300512790680e-03 1.646881923079490662e-03 5.565083585679531097e-03 1.146312709897756577e-02 1.389533514156937599e-03 4.657929457607679069e-05 1.058539599180221558e-01 1.158593688160181046e-02
4.600000000000000000e+04 3.421283140778541565e-02 2.176280133426189423e-02 9.988920763134956360e-03 3.812009235844016075e-04 7.146614370867609978e-04 4.438895732164382935e-03 1.171818934381008148e-03 4.278232518117874861e-05 4.958157986402511597e-02 5.638545844703912735e-03 4.599785059690475464e-02 2.330620028078556061e-02 9.649574756622314453e-03 8.620563894510269165e-04 1.551404013298451900e-03 2.035264298319816589e-02 1.413855585269629955e-03 4.739591895486228168e-05 5.998389422893524170e-02 5.849319975823163986e-03
4.700000000000000000e+04 1.481705158948898315e-02 1.268418971449136734e-02 6.575834006071090698e-03 1.717775303404778242e-04 3.694506885949522257e-04 1.974031794816255569e-03 6.698030629195272923e-04 3.375056985532864928e-05 2.118930034339427948e-02 3.242898033931851387e-03 1.004742905497550964e-01 4.492063820362091064e-02 7.811465300619602203e-03 6.224837852641940117e-04 1.185465720482170582e-03 3.116199001669883728e-02 1.062645111232995987e-03 3.930504317395389080e-05 3.697461634874343872e-02 3.474646946415305138e-03
4.800000000000000000e+04 1.637683995068073273e-02 1.333429850637912750e-02 6.375715136528015137e-03 2.072906936518847942e-04 3.818968543782830238e-04 2.716267481446266174e-03 6.427161861211061478e-04 3.670355727081187069e-05 2.700803987681865692e-02 3.108888631686568260e-03 1.020285338163375854e-01 4.457430914044380188e-02 7.088333833962678909e-03 5.042408592998981476e-04 1.331042847596108913e-03 3.141311556100845337e-02 9.275802876800298691e-04 3.991045741713605821e-05 4.117855429649353027e-02 3.317730966955423355e-03
4.900000000000000000e+04 4.989775363355875015e-03 5.377033725380897522e-03 3.484003245830535889e-03 6.091925024520605803e-05 1.467905385652557015e-04 8.643850451335310936e-04 2.452466578688472509e-04 1.946854536072351038e-05 4.894274752587080002e-03 8.939747931435704231e-04 1.456197500228881836e-01 7.802502065896987915e-02 7.354288361966609955e-03 3.473196120467036963e-04 1.239014789462089539e-03 9.858372807502746582e-02 5.354325985535979271e-04 2.837630927388090640e-05 2.409115806221961975e-02 1.033251290209591389e-03
5.000000000000000000e+04 2.052120864391326904e-02 1.531073916703462601e-02 7.403911557048559189e-03 1.940072397701442242e-04 5.044272402301430702e-04 2.726687584072351456e-03 9.532619733363389969e-04 4.093027382623404264e-05 3.239591047167778015e-02 5.001099314540624619e-03 4.787865281105041504e-02 2.588947117328643799e-02 7.551701739430427551e-03 5.753135774284601212e-04 1.327212434262037277e-03 4.687262699007987976e-02 1.491800532676279545e-03 4.742662349599413574e-05 4.430982843041419983e-02 5.343699827790260315e-03
5.000000000000000000e+04 3.504890576004981995e-02 2.301078289747238159e-02 9.365538135170936584e-03 1.940072397701442242e-04 5.044272402301430702e-04 2.726687584072351456e-03 9.532619733363389969e-04 4.093027382623404264e-05 3.239591047167778015e-02 5.001099314540624619e-03 4.787865281105041504e-02 2.588947117328643799e-02 7.551701739430427551e-03 5.753135774284601212e-04 1.327212434262037277e-03 4.687262699007987976e-02 1.491800532676279545e-03 4.742662349599413574e-05 4.430982843041419983e-02 5.343699827790260315e-03
5.100000000000000000e+04 9.356710128486156464e-03 8.288398385047912598e-03 4.753335844725370407e-03 1.243888400495052338e-04 3.080861060880124569e-04 1.419018488377332687e-03 7.016062154434621334e-04 7.401660695904865861e-05 1.072971895337104797e-02 2.635764423757791519e-03 7.687303423881530762e-02 4.648650065064430237e-02 6.464359350502490997e-03 3.407888580113649368e-04 1.443757908418774605e-03 1.180073693394660950e-01 1.595930429175496101e-03 9.880604920908808708e-05 2.822187915444374084e-02 3.007658524438738823e-03
5.200000000000000000e+04 3.794694319367408752e-03 3.759783226996660233e-03 2.529496559873223305e-03 4.005873051937669516e-05 7.481443753931671381e-05 4.374109266791492701e-04 2.625152992550283670e-04 2.420099372102413327e-05 2.659182297065854073e-03 9.224293753504753113e-04 1.091188490390777588e-01 6.997662782669067383e-02 7.567869499325752258e-03 2.810162259265780449e-04 1.041817246004939079e-03 1.815343499183654785e-01 1.469488488510251045e-03 4.414369323058053851e-05 2.007230184972286224e-02 1.193079398944973946e-03
5.300000000000000000e+04 5.551514215767383575e-03 4.293127916753292084e-03 2.668389352038502693e-03 3.165778980473987758e-05 1.873879227787256241e-04 2.309162868186831474e-03 1.824184670113027096e-03 5.601769953500479460e-05 1.600114628672599792e-03 3.378282999619841576e-04 1.385736763477325439e-01 8.246098458766937256e-02 1.043139770627021790e-02 2.046350709861144423e-04 8.788711857050657272e-04 2.164004594087600708e-01 3.027605358511209488e-03 8.292900747619569302e-05 2.117206156253814697e-02 5.539728445000946522e-04
5.400000000000000000e+04 4.478247463703155518e-02 2.620261535048484802e-02 1.283001061528921127e-02 6.471839733421802521e-04 9.851222857832908630e-04 6.231039296835660934e-03 1.814949442632496357e-03 9.086025238502770662e-05 6.932744383811950684e-02 6.416217423975467682e-03 3.773304820060729980e-02 2.102826163172721863e-02 1.162821240723133087e-02 1.124048023484647274e-03 2.386867301538586617e-03 1.924431882798671722e-02 2.371022710576653481e-03 1.057528497767634690e-04 7.570861279964447021e-02 6.590802688151597977e-03
5.500000000000000000e+04 1.731153763830661774e-02 1.292881742119789124e-02 6.507583428174257278e-03 1.505890686530619860e-04 2.835287014022469521e-04 7.212414406239986420e-03 1.357279252260923386e-03 5.854350456502288580e-05 2.491590008139610291e-02 5.266565829515457153e-03 6.196781620383262634e-02 2.074927836656570435e-02 6.571235600858926773e-03 4.699751152656972408e-04 1.603465643711388111e-03 6.265646964311599731e-02 2.146151615306735039e-03 6.679032958345487714e-05 3.700096532702445984e-02 5.498193204402923584e-03
5.600000000000000000e+04 9.352435357868671417e-03 8.123632520437240601e-03 4.868804011493921280e-03 9.947361104423180223e-05 1.870023843366652727e-04 2.895395038649439812e-03 1.028887927532196045e-03 4.126121348235756159e-05 1.219575479626655579e-02 2.516413806006312370e-03 1.103873178362846375e-01 3.730877116322517395e-02 6.616967264562845230e-03 4.058773047290742397e-04 1.378971035592257977e-03 8.548076450824737549e-02 2.152843633666634560e-03 5.715871520806103945e-05 2.868458256125450134e-02 2.790233120322227478e-03
5.700000000000000000e+04 1.729412935674190521e-02 1.219481416046619415e-02 9.089292958378791809e-03 5.545060266740620136e-04 9.852431248873472214e-04 1.271782629191875458e-02 3.841065336018800735e-03 2.371620503254234791e-04 1.477502472698688507e-02 2.222257666289806366e-03 1.373617351055145264e-01 4.807677492499351501e-02 9.338719770312309265e-03 6.860498106107115746e-04 1.183590153232216835e-03 1.021522134542465210e-01 4.855310544371604919e-03 2.340756909688934684e-04 3.108752891421318054e-02 2.454745583236217499e-03
5.800000000000000000e+04 1.742820814251899719e-02 1.314880698919296265e-02 6.523676216602325439e-03 1.587408187333494425e-04 2.908849564846605062e-04 5.967870820313692093e-03 9.767201263457536697e-04 6.534822023240849376e-05 2.458902075886726379e-02 4.984698258340358734e-03 7.288312166929244995e-02 2.997888065874576569e-02 5.917674396187067032e-03 3.716244827955961227e-04 9.364986326545476913e-04 4.300333559513092041e-02 1.589856809005141258e-03 7.290757639566436410e-05 3.844666481018066406e-02 5.419019144028425217e-03
5.900000000000000000e+04 8.140020072460174561e-03 6.725105457007884979e-03 4.354472272098064423e-03 7.610733155161142349e-05 1.397027372149750590e-04 1.358089270070195198e-03 9.670677827671170235e-04 3.535259747877717018e-05 1.042414270341396332e-02 2.270967699587345123e-03 1.438930630683898926e-01 7.060988247394561768e-02 5.196815356612205505e-03 2.478435053490102291e-04 8.379315841011703014e-04 6.597213447093963623e-02 1.798766432330012321e-03 4.659408295992761850e-05 2.773197367787361145e-02 2.662489423528313637e-03
6.000000000000000000e+04 3.632153943181037903e-02 2.456467784941196442e-02 1.053206808865070343e-02 4.462691431399434805e-04 6.560227484442293644e-04 4.249680787324905396e-03 1.471306895837187767e-03 9.894213144434615970e-05 5.591493099927902222e-02 7.206872105598449707e-03 3.866364806890487671e-02 2.193870767951011658e-02 9.610037319362163544e-03 8.915353100746870041e-04 1.351830083876848221e-03 1.753421686589717865e-02 1.849105348810553551e-03 1.020965210045687854e-04 6.436030566692352295e-02 7.341672666370868683e-03
6.100000000000000000e+04 1.604061201214790344e-02 1.274101529270410538e-02 6.775821559131145477e-03 1.387030206387862563e-04 3.136856248602271080e-04 1.810410176403820515e-03 1.262543373741209507e-03 7.173128688009455800e-05 2.452573552727699280e-02 5.044464021921157837e-03 9.181693196296691895e-02 2.953526005148887634e-02 6.528949365019798279e-03 4.235846863593906164e-04 1.719685737043619156e-03 2.266131527721881866e-02 2.206297358497977257e-03 8.728740067454054952e-05 3.920605406165122986e-02 5.319662857800722122e-03
6.200000000000000000e+04 2.659936435520648956e-02 1.497246325016021729e-02 7.981185801327228546e-03 4.459626798052340746e-04 9.062536410056054592e-04 3.760389983654022217e-02 4.897349048405885696e-03 2.483064308762550354e-04 4.425463825464248657e-02 6.559929810464382172e-03 7.352826744318008423e-02 2.673118934035301208e-02 7.612875662744045258e-03 7.754967082291841507e-04 1.777036581188440323e-03 8.818320930004119873e-02 5.089845042675733566e-03 3.427280462346971035e-04 5.639162287116050720e-02 7.314139045774936676e-03
6.300000000000000000e+04 2.197729051113128662e-02 1.435166411101818085e-02 7.665766868740320206e-03 3.006760962307453156e-04 2.835205232258886099e-04 5.498802289366722107e-03 1.181487692520022392e-03 1.019343981170095503e-04 3.399733826518058777e-02 3.617286216467618942e-03 1.029252111911773682e-01 2.628727629780769348e-02 7.007265463471412659e-03 5.137600819580256939e-04 1.054124790243804455e-03 5.933081358671188354e-02 1.518503413535654545e-03 1.168809976661577821e-04 4.797866195440292358e-02 3.958211280405521393e-03
6.400000000000000000e+04 2.837812714278697968e-02 2.336972206830978394e-02 9.306267835199832916e-03 2.728196559473872185e-04 4.051044234074652195e-04 2.988154999911785126e-03 9.578283643350005150e-04 5.450291064335033298e-05 5.408383533358573914e-02 1.015222631394863129e-02 2.979474142193794250e-02 1.954415626823902130e-02 7.979722693562507629e-03 4.799520247615873814e-04 9.811272611841559410e-04 1.401252113282680511e-02 1.334876404143869877e-03 6.835757085354998708e-05 6.166779994964599609e-02 1.077371183782815933e-02
6.500000000000000000e+04 2.191917225718498230e-02 1.622648537158966064e-02 7.460694294422864914e-03 4.939496866427361965e-04 4.495151806622743607e-04 1.198246702551841736e-02 5.559211131185293198e-03 5.764665547758340836e-05 3.537216037511825562e-02 7.833551615476608276e-03 5.348199978470802307e-02 3.265719488263130188e-02 6.602360866963863373e-03 7.508505368605256081e-04 1.602382864803075790e-03 2.726572565734386444e-02 5.808329675346612930e-03 7.320073927985504270e-05 4.563595354557037354e-02 8.562653325498104095e-03
6.600000000000000000e+04 2.237563952803611755e-02 1.290257461369037628e-02 6.638352759182453156e-03 3.452018136158585548e-04 3.857449628412723541e-04 5.692035891115665436e-03 8.601929876022040844e-04 3.908689541276544333e-05 3.148534893989562988e-02 5.767167545855045319e-03 5.222729966044425964e-02 2.513919956982135773e-02 6.013621576130390167e-03 5.738844629377126694e-04 1.528536900877952576e-03 3.460652008652687073e-02 1.550292246975004673e-03 4.584118141792714596e-05 4.510048404335975647e-02 6.298813037574291229e-03
6.700000000000000000e+04 6.827527657151222229e-03 6.156466901302337646e-03 4.079129081219434738e-03 6.391235365299507976e-05 1.274683017982169986e-04 1.603263081051409245e-03 3.941079776268452406e-04 3.757748345378786325e-05 1.182248722761869431e-02 1.974424114450812340e-03 1.578056514263153076e-01 7.589711248874664307e-02 6.476211827248334885e-03 2.105468302033841610e-04 1.047892961651086807e-03 3.754097968339920044e-02 9.978483431041240692e-04 5.562119258684106171e-05 2.718193829059600830e-02 2.436962211504578590e-03
6.800000000000000000e+04 1.228851731866598129e-02 1.030322909355163574e-02 5.874978844076395035e-03 1.273071538889780641e-04 2.557278785388916731e-04 1.640387577936053276e-03 7.154890918172895908e-04 4.047002221341244876e-05 1.900626718997955322e-02 3.588808700442314148e-03 1.333304941654205322e-01 3.843826055526733398e-02 6.189800798892974854e-03 2.838756772689521313e-04 1.578319817781448364e-03 2.740882895886898041e-02 1.796588418073952198e-03 6.182603101478889585e-05 3.135035932064056396e-02 4.051605239510536194e-03
6.900000000000000000e+04 7.503115572035312653e-03 6.471767090260982513e-03 3.938456531614065170e-03 9.081276220967993140e-05 1.380091707687824965e-04 1.115392427891492844e-03 4.075946926604956388e-04 2.439670606690924615e-05 1.227637007832527161e-02 1.894207089208066463e-03 2.052702605724334717e-01 6.981021165847778320e-02 6.823511328548192978e-03 2.501870621927082539e-04 1.500820042565464973e-03 5.256341025233268738e-02 1.168574672192335129e-03 4.492555672186426818e-05 2.764023467898368835e-02 2.300052903592586517e-03
7.000000000000000000e+04 2.118828520178794861e-02 1.420015282928943634e-02 7.356817834079265594e-03 2.465548750478774309e-04 3.808096807915717363e-04 2.804143354296684265e-03 9.489529766142368317e-04 4.486101897782646120e-05 3.466731309890747070e-02 6.677215453237295151e-03 5.533522367477416992e-02 2.386159077286720276e-02 6.767584010958671570e-03 5.158131243661046028e-04 1.165394205600023270e-03 1.538255903869867325e-02 1.436683814972639084e-03 6.616718746954575181e-05 4.473486542701721191e-02 7.190171163529157639e-03
7.100000000000000000e+04 8.926999755203723907e-03 7.489242590963840485e-03 4.737753886729478836e-03 1.064105745172128081e-04 1.745921035762876272e-04 1.374937244690954685e-03 5.344481323845684528e-04 3.985380317317321897e-05 1.457638945430517197e-02 2.838896820321679115e-03 2.151306122541427612e-01 6.545399129390716553e-02 6.955097429454326630e-03 3.067194484174251556e-04 1.203955500386655331e-03 2.152266353368759155e-02 1.555542228743433952e-03 6.677158671664074063e-05 2.842437103390693665e-02 3.236433491110801697e-03
7.200000000000000000e+04 1.734002493321895599e-02 1.207351684570312500e-02 5.580854602158069611e-03 1.965115516213700175e-04 2.693551359698176384e-04 4.028879106044769287e-03 1.884340192191302776e-03 9.217719343723729253e-05 2.847811579704284668e-02 5.346224643290042877e-03 9.755373746156692505e-02 2.373542636632919312e-02 5.371069535613059998e-03 2.572103985585272312e-04 9.802791755646467209e-04 1.759494841098785400e-02 2.397023607045412064e-03 1.056197870639152825e-04 3.991021215915679932e-02 5.874119233340024948e-03
7.300000000000000000e+04 3.201529011130332947e-02 1.978957839310169220e-02 1.040802337229251862e-02 4.064428212586790323e-04 6.209712009876966476e-04 3.745653433725237846e-03 1.221291837282478809e-03 5.494101787917315960e-05 4.827158898115158081e-02 7.435531355440616608e-03 3.858765214681625366e-02 2.232706360518932343e-02 9.099998511373996735e-03 7.034933660179376602e-04 1.452907570637762547e-03 1.376916002482175827e-02 1.578690716996788979e-03 6.276964268181473017e-05 5.558302998542785645e-02 7.621679455041885376e-03
7.400000000000000000e+04 5.465487390756607056e-02 2.147039398550987244e-02 9.864566847681999207e-03 4.148569423705339432e-04 1.064338721334934235e-03 1.055755931884050369e-02 1.687734620645642281e-03 9.739778033690527081e-05 8.473201841115951538e-02 1.287137530744075775e-02 6.570946425199508667e-02 4.240482673048973083e-02 8.517991751432418823e-03 4.924984532408416271e-04 1.304905628785490990e-03 1.843144744634628296e-02 2.481901552528142929e-03 8.698499004822224379e-05 9.173292666673660278e-02 1.322767138481140137e-02
7.500000000000000000e+04 4.469057545065879822e-02 1.880562119185924530e-02 1.245010737329721451e-02 5.103523144498467445e-04 8.099038386717438698e-04 1.419578026980161667e-02 3.671590704470872879e-03 1.774641423253342509e-04 4.352835938334465027e-02 4.533966071903705597e-03 5.660078674554824829e-02 3.079726360738277435e-02 1.088474690914154053e-02 6.903855828568339348e-04 1.555300550535321236e-03 3.686987608671188354e-02 3.964563366025686264e-03 1.944898685906082392e-04 5.249725282192230225e-02 4.617806989699602127e-03
7.500000000000000000e+04 6.004112958908081055e-02 2.258292585611343384e-02 1.495854184031486511e-02 5.103523144498467445e-04 8.099038386717438698e-04 1.419578026980161667e-02 3.671590704470872879e-03 1.774641423253342509e-04 4.352835938334465027e-02 4.533966071903705597e-03 5.660078674554824829e-02 3.079726360738277435e-02 1.088474690914154053e-02 6.903855828568339348e-04 1.555300550535321236e-03 3.686987608671188354e-02 3.964563366025686264e-03 1.944898685906082392e-04 5.249725282192230225e-02 4.617806989699602127e-03
7.600000000000000000e+04 4.707510117441415787e-03 4.237497225403785706e-03 3.118716180324554443e-03 4.224820804665796459e-05 7.895691669546067715e-05 6.907465285621583462e-04 1.110421260818839073e-03 2.607439637358766049e-05 5.278863944113254547e-03 1.181815518066287041e-03 1.840300709009170532e-01 1.334501951932907104e-01 1.010212022811174393e-02 8.712067210581153631e-05 7.255931850522756577e-04 7.768742740154266357e-02 1.976600848138332367e-03 4.355183773441240191e-05 1.785784773528575897e-02 1.334516564384102821e-03
7.700000000000000000e+04 2.638513687998056412e-03 2.508214674890041351e-03 1.962867565453052521e-03 2.251321348012425005e-05 4.432529749465174973e-05 3.061642928514629602e-04 1.703528541838750243e-04 1.409014930686680600e-05 2.295978832989931107e-03 6.321203545667231083e-04 1.985539644956588745e-01 1.364528983831405640e-01 1.026729866862297058e-02 6.185271922731772065e-05 6.269373698160052299e-04 1.029132604598999023e-01 1.087129465304315090e-03 2.171210508095100522e-05 1.486598420888185501e-02 7.432444253936409950e-04
7.800000000000000000e+04 1.369835902005434036e-02 9.241946041584014893e-03 5.706072784960269928e-03 1.464895321987569332e-04 2.370504953432828188e-04 1.868590130470693111e-03 8.038017549552023411e-04 5.884975325898267329e-05 2.308963797986507416e-02 6.546727381646633148e-03 3.621202334761619568e-02 1.299354340881109238e-02 5.055900663137435913e-03 4.120813100598752499e-04 1.307676080614328384e-03 3.179384395480155945e-02 1.691232318989932537e-03 8.753749716561287642e-05 3.266007080674171448e-02 6.833572871983051300e-03
7.900000000000000000e+04 6.416363175958395004e-03 4.953057039529085159e-03 3.664268180727958679e-03 6.609798583667725325e-05 9.341802069684490561e-05 9.825673187151551247e-04 5.441672983579337597e-04 3.329409810248762369e-05 7.400766480714082718e-03 2.446072408929467201e-03 1.086783558130264282e-01 3.738288208842277527e-02 4.978927783668041229e-03 2.569461357779800892e-04 7.189731113612651825e-04 6.677860766649246216e-02 1.861721277236938477e-03 5.902920747757889330e-05 1.999635994434356689e-02 2.760946517810225487e-03
8.000000000000000000e+04 4.129231441766023636e-03 3.417460247874259949e-03 2.530991099774837494e-03 4.079865902895107865e-05 5.666879587806761265e-05 6.983951898291707039e-04 3.343227144796401262e-04 2.007921648328192532e-05 3.383201546967029572e-03 1.003086799755692482e-03 1.585750430822372437e-01 6.222441792488098145e-02 5.608922801911830902e-03 1.788589579518884420e-04 4.912062431685626507e-04 1.090120077133178711e-01 1.722112414427101612e-03 3.792653660639189184e-05 1.598722487688064575e-02 1.257032970897853374e-03
8.100000000000000000e+04 6.048742309212684631e-02 3.099608235061168671e-02 1.776530779898166656e-02 1.098228967748582363e-03 1.332831569015979767e-03 1.189172547310590744e-02 2.512299222871661186e-03 1.168576127383857965e-04 8.379314839839935303e-02 1.030357182025909424e-02 4.738212004303932190e-02 2.322502247989177704e-02 1.525644026696681976e-02 2.149400068446993828e-03 1.783437794074416161e-03 2.753300592303276062e-02 2.806054428219795227e-03 1.269141794182360172e-04 8.993530273437500000e-02 1.040257420390844345e-02
8.200000000000000000e+04 1.840252615511417389e-02 1.309583522379398346e-02 6.774530746042728424e-03 2.213673578808084130e-04 3.321123949717730284e-04 4.021476488560438156e-03 1.373512437567114830e-03 6.168696563690900803e-05 3.006350062787532806e-02 7.737846579402685165e-03 2.351205609738826752e-02 1.330364961177110672e-02 6.440273020416498184e-03 5.913114291615784168e-04 1.282419543713331223e-03 6.957022845745086670e-02 2.079833997413516045e-03 8.991221693577244878e-05 4.150283336639404297e-02 8.152335882186889648e-03
8.300000000000000000e+04 1.033502630889415741e-02 7.824567146599292755e-03 4.892643075436353683e-03 1.045845419866964221e-04 1.533239410491660237e-04 6.638021208345890045e-03 2.415400231257081032e-03 3.775834920816123486e-05 1.156497560441493988e-02 3.722552442923188210e-03 3.434251621365547180e-02 1.890243589878082275e-02 6.935280282050371170e-03 3.562880738172680140e-04 1.166618429124355316e-03 1.358902156352996826e-01 4.262114875018596649e-03 7.326400373131036758e-05 2.513361722230911255e-02 4.116168245673179626e-03
8.400000000000000000e+04 6.446044426411390305e-03 5.349172744899988174e-03 3.538063261657953262e-03 5.865583807462826371e-05 8.950418850872665644e-05 3.364477073773741722e-03 6.342838169075548649e-04 2.633698204590473324e-05 5.043204408138990402e-03 1.867924351245164871e-03 5.190525949001312256e-02 2.823622897267341614e-02 7.465528789907693863e-03 2.420482342131435871e-04 1.086249714717268944e-03 1.831641793251037598e-01 3.240254707634449005e-03 5.039862662670202553e-05 1.991776935756206512e-02 2.180526033043861389e-03
8.500000000000000000e+04 4.897167906165122986e-03 4.246195312589406967e-03 3.031490836292505264e-03 5.307668834575451910e-05 1.791922695701941848e-04 2.004929818212985992e-03 5.380160291679203510e-04 4.296947372495196760e-05 2.762794028967618942e-03 1.073619467206299305e-03 7.080807536840438843e-02 3.313228115439414978e-02 7.667061407119035721e-03 2.004712587222456932e-04 8.681005565449595451e-04 1.922533661127090454e-01 3.311970504000782967e-03 5.056574809714220464e-05 1.816695369780063629e-02 1.326111843809485435e-03
8.600000000000000000e+04 2.594251651316881180e-03 2.456251066178083420e-03 1.840997254475951195e-03 3.011834996868856251e-05 7.849641406210139394e-05 6.005813484080135822e-04 4.713918315246701241e-04 3.023136741830967367e-05 1.218896592035889626e-03 6.308112060651183128e-04 8.501453697681427002e-02 4.294259846210479736e-02 9.211839176714420319e-03 1.637397217564284801e-04 9.230062132701277733e-04 1.988890767097473145e-01 3.332001622766256332e-03 3.890117659466341138e-05 1.738514564931392670e-02 8.756354218348860741e-04
8.700000000000000000e+04 3.506018593907356262e-02 1.596881262958049774e-02 8.846823126077651978e-03 3.503954503685235977e-04 7.630210020579397678e-04 9.424936026334762573e-03 2.682745223864912987e-03 5.068922109785489738e-05 4.066505283117294312e-02 7.572670001536607742e-03 3.191877901554107666e-02 1.341213844716548920e-02 8.005436509847640991e-03 1.009946689009666443e-03 2.356114564463496208e-03 6.393954157829284668e-02 4.041167441755533218e-03 7.364885095739737153e-05 4.989500343799591064e-02 8.050753735005855560e-03
8.800000000000000000e+04 3.994383290410041809e-02 1.707609556615352631e-02 1.608229242265224457e-02 1.461328472942113876e-03 1.405461342073976994e-03 2.133590914309024811e-02 5.244185682386159897e-03 3.699804437928833067e-05 5.391791835427284241e-02 9.384768083691596985e-03 3.215151280164718628e-02 1.374206598848104477e-02 1.300253160297870636e-02 2.154230605810880661e-03 3.207479603588581085e-03 7.327309995889663696e-02 6.210744846612215042e-03 5.076753586763516068e-05 5.779177322983741760e-02 9.615240618586540222e-03
8.900000000000000000e+04 1.043760217726230621e-02 7.087755948305130005e-03 4.190839361399412155e-03 9.796067024581134319e-05 1.605536381248384714e-04 1.619400456547737122e-03 7.273723604157567024e-04 2.053000025625806302e-05 1.076781749725341797e-02 3.045151242986321449e-03 6.226382777094841003e-02 1.561802253127098083e-02 5.008297972381114960e-03 6.046976195648312569e-04 1.851977896876633167e-03 1.084598228335380554e-01 3.000888274982571602e-03 4.497064219322055578e-05 2.546590007841587067e-02 3.366038203239440918e-03
9.000000000000000000e+04 2.639128267765045166e-02 1.827581971883773804e-02 1.397223211824893951e-02 6.692077149637043476e-04 2.997915260493755341e-03 7.252972107380628586e-03 3.523529041558504105e-03 2.454331261105835438e-04 2.626255899667739868e-02 4.450898617506027222e-03 5.002597346901893616e-02 2.156606130301952362e-02 1.124193426221609116e-02 9.169761324301362038e-04 4.354603122919797897e-03 1.035530120134353638e-01 5.244748666882514954e-03 2.716527960728853941e-04 4.056433215737342834e-02 4.909366369247436523e-03
9.100000000000000000e+04 5.331839900463819504e-03 4.148040432482957840e-03 2.834468148648738861e-03 5.663820775225758553e-05 7.742892194073647261e-05 7.381326286122202873e-04 4.098282661288976669e-04 9.323576705355662853e-06 4.477951675653457642e-03 1.244775718078017235e-03 9.609124809503555298e-02 2.474013902246952057e-02 5.021285265684127808e-03 3.787435416597872972e-04 1.211166498251259327e-03 1.726474314928054810e-01 2.729715779423713684e-03 2.131596011167857796e-05 1.964332535862922668e-02 1.533001894131302834e-03
9.200000000000000000e+04 4.111694172024726868e-02 2.019698545336723328e-02 1.152630429714918137e-02 2.720104530453681946e-04 4.034295852761715651e-04 1.942017301917076111e-02 1.741402433253824711e-03 6.434309034375473857e-05 6.113775074481964111e-02 8.613349869847297668e-03 3.466263785958290100e-02 1.703731343150138855e-02 9.356223978102207184e-03 4.029032133985310793e-04 8.163528982549905777e-04 2.659904398024082184e-02 2.028963994234800339e-03 6.202251097420230508e-05 6.746442615985870361e-02 9.015665389597415924e-03
9.300000000000000000e+04 9.199021384119987488e-03 6.460635457187891006e-03 3.906964324414730072e-03 8.386989065911620855e-05 1.646456803428009152e-04 1.507502980530261993e-03 6.641318323090672493e-04 1.384918232361087576e-05 1.051056198775768280e-02 3.024376928806304932e-03 4.987745732069015503e-02 1.657655276358127594e-02 4.528129473328590393e-03 2.986286708619445562e-04 9.424037998542189598e-04 6.343307346105575562e-02 2.450762549415230751e-03 1.506938497186638415e-05 2.226549759507179260e-02 3.338987240567803383e-03
9.400000000000000000e+04 2.917850390076637268e-02 1.925342902541160583e-02 9.646386839449405670e-03 1.638633257243782282e-04 1.890814746730029583e-03 4.076610319316387177e-03 3.049246035516262054e-03 2.902600135712418705e-05 9.145052731037139893e-02 1.438877917826175690e-02 3.971477970480918884e-02 2.351042255759239197e-02 8.238219656050205231e-03 4.813053528778254986e-04 3.200136357918381691e-03 2.135873027145862579e-02 3.430062904953956604e-03 3.176558311679400504e-05 1.007541567087173462e-01 1.511493232101202011e-02
9.500000000000000000e+04 4.460367560386657715e-02 2.506404370069503784e-02 1.235735975205898285e-02 5.315894959494471550e-04 8.231828687712550163e-04 5.551305133849382401e-03 2.033885102719068527e-03 6.256743654375895858e-05 6.421412527561187744e-02 8.820185437798500061e-03 3.898321464657783508e-02 1.894011162221431732e-02 1.043003238737583160e-02 8.464423590339720249e-04 1.417382154613733292e-03 2.117433398962020874e-02 2.214091597124934196e-03 6.549584213644266129e-05 7.371437549591064453e-02 8.910873904824256897e-03
9.600000000000000000e+04 1.487505622208118439e-02 1.011159364134073257e-02 5.957452114671468735e-03 1.509565627202391624e-04 3.203551750630140305e-04 2.177882241085171700e-03 1.307398779317736626e-03 2.348793168494012207e-05 2.106014452874660492e-02 5.000822711735963821e-03 5.779342353343963623e-02 1.831612735986709595e-02 5.533054936677217484e-03 3.236895718146115541e-04 1.011855318211019039e-03 3.589439019560813904e-02 2.172601642087101936e-03 3.557379386620596051e-05 3.452205657958984375e-02 5.476630758494138718e-03
9.700000000000000000e+04 7.937454618513584137e-03 6.066719535738229752e-03 3.960132133215665817e-03 7.495713362004607916e-05 1.436753518646582961e-04 9.887912310659885406e-04 5.197884165681898594e-04 1.670497476879972965e-05 9.065519087016582489e-03 2.222455572336912155e-03 1.125505268573760986e-01 3.576107695698738098e-02 4.728063475340604782e-03 2.336262114113196731e-04 8.547324687242507935e-04 5.069115012884140015e-02 1.596792950294911861e-03 2.306982241861987859e-05 2.426150999963283539e-02 2.596670528873801231e-03
9.800000000000000000e+04 6.879619322717189789e-03 5.935904569923877716e-03 2.985339611768722534e-03 6.789770850446075201e-05 1.138593870564363897e-04 3.990659955888986588e-03 8.832465973682701588e-04 1.066354616341413930e-05 6.354478187859058380e-03 1.534856623038649559e-03 1.494280397891998291e-01 5.888107419013977051e-02 3.974729683250188828e-03 2.583333698567003012e-04 7.681736024096608162e-04 8.598152548074722290e-02 1.983800670132040977e-03 1.243210499524138868e-05 2.063976600766181946e-02 1.846195431426167488e-03
9.900000000000000000e+04 3.022126667201519012e-02 3.287963196635246277e-02 1.138093881309032440e-02 2.960657584480941296e-04 3.549503744579851627e-04 4.204279277473688126e-03 1.656273030675947666e-03 9.712395694805309176e-05 6.925760209560394287e-02 1.043253019452095032e-02 2.629205398261547089e-02 2.370048128068447113e-02 9.886743500828742981e-03 5.140557186678051949e-04 5.266034859232604504e-04 1.834230124950408936e-02 2.076647710055112839e-03 1.449114060960710049e-04 8.108898997306823730e-02 1.066301390528678894e-02
1.000000000000000000e+05 2.001543715596199036e-02 1.813154853880405426e-02 7.680262438952922821e-03 1.821059995563700795e-04 3.088094235863536596e-04 3.169313305988907814e-03 1.040946692228317261e-03 2.984226375701837242e-05 4.137164354324340820e-02 9.095104411244392395e-03 2.544803731143474579e-02 1.642845571041107178e-02 6.664363667368888855e-03 3.852456284221261740e-04 7.202100241556763649e-04 3.566642850637435913e-02 1.884207129478454590e-03 4.980558514944277704e-05 5.643546581268310547e-02 9.565006941556930542e-03
1.000000000000000000e+05 2.001543715596199036e-02 1.813154853880405426e-02 7.680262438952922821e-03 1.821059995563700795e-04 3.088094235863536596e-04 3.169313305988907814e-03 1.040946692228317261e-03 2.984226375701837242e-05 4.137164354324340820e-02 9.095104411244392395e-03 2.544803731143474579e-02 1.642845571041107178e-02 6.664363667368888855e-03 3.852456284221261740e-04 7.202100241556763649e-04 3.566642850637435913e-02 1.884207129478454590e-03 4.980558514944277704e-05 5.643546581268310547e-02 9.565006941556930542e-03
1.010000000000000000e+05 1.525663305073976517e-02 1.126654259860515594e-02 6.421821191906929016e-03 2.294194564456120133e-04 3.842021105810999870e-04 2.656387630850076675e-03 1.173472031950950623e-03 4.085581895196810365e-05 2.071712166070938110e-02 5.804419051855802536e-03 3.498503565788269043e-02 1.365380454808473587e-02 6.213458254933357239e-03 4.782089963555335999e-04 1.515978947281837463e-03 9.456118941307067871e-02 2.661511301994323730e-03 4.727812483906745911e-05 3.679678961634635925e-02 6.469124462455511093e-03
1.020000000000000000e+05 1.099321804940700531e-02 8.262616582214832306e-03 5.400206428021192551e-03 1.414050639141350985e-04 2.279758919030427933e-04 1.777583383955061436e-03 8.832350140437483788e-04 2.624941225803922862e-05 1.264038495719432831e-02 3.750553820282220840e-03 4.277827218174934387e-02 1.439046300947666168e-02 6.084251683205366135e-03 3.993531863670796156e-04 1.432607998140156269e-03 1.433210968971252441e-01 3.135753329843282700e-03 3.859310891130007803e-05 2.987801656126976013e-02 4.380227532237768173e-03
1.030000000000000000e+05 8.204123005270957947e-03 6.511978805065155029e-03 4.413364455103874207e-03 1.079094727174378932e-04 1.729833311401307583e-04 1.369934412650763988e-03 7.250812486745417118e-04 1.556117786094546318e-05 8.113266900181770325e-03 2.402180805802345276e-03 5.224851891398429871e-02 1.658742874860763550e-02 5.978638771921396255e-03 3.339226241223514080e-04 1.574694761075079441e-03 1.692738085985183716e-01 3.160371910780668259e-03 2.295647027494851500e-05 2.559270709753036499e-02 3.004717873409390450e-03
1.040000000000000000e+05 6.135799922049045563e-03 5.202348344027996063e-03 3.615498775616288185e-03 8.365938265342265368e-05 1.412792917108163238e-04 1.009167637676000595e-03 6.000446155667304993e-04 1.520228033768944442e-05 5.500666331499814987e-03 1.633749110624194145e-03 5.975563079118728638e-02 1.850195974111557007e-02 5.826893728226423264e-03 2.867106231860816479e-04 1.597058842889964581e-03 1.870366185903549194e-01 3.586899721994996071e-03 2.042309824901167303e-05 2.336335927248001099e-02 2.151015680283308029e-03
1.050000000000000000e+05 4.821710754185914993e-03 4.175040405243635178e-03 3.014797344803810120e-03 6.211317668203264475e-05 1.147495931945741177e-04 7.404900388792157173e-04 5.044730496592819691e-04 1.194524793390883133e-05 3.860340220853686333e-03 1.156632672064006329e-03 6.644681841135025024e-02 2.132283337414264679e-02 5.787967704236507416e-03 2.207698125857859850e-04 1.537767937406897545e-03 2.009754031896591187e-01 3.645820543169975281e-03 1.604875615157652646e-05 2.157057635486125946e-02 1.597398077137768269e-03
1.060000000000000000e+05 3.865521866828203201e-03 3.415951970964670181e-03 2.527996897697448730e-03 5.176346166990697384e-05 9.310060704592615366e-05 5.986645119264721870e-04 4.181516414973884821e-04 9.251776646124199033e-06 2.806295873597264290e-03 8.315225713886320591e-04 7.141181826591491699e-02 2.395810931921005249e-02 5.685533396899700165e-03 1.862019562395289540e-04 1.322861178778111935e-03 2.109030187129974365e-01 3.915392793715000153e-03 1.396631250827340409e-05 2.031256444752216339e-02 1.227156608365476131e-03
1.070000000000000000e+05 3.169870469719171524e-03 2.846388146281242371e-03 2.161439973860979080e-03 4.093523239134810865e-05 7.768962677801027894e-05 4.824947682209312916e-04 3.421601431909948587e-04 8.311179954034741968e-06 2.051761373877525330e-03 6.884578615427017212e-04 7.528182119131088257e-02 2.694563940167427063e-02 5.590454209595918655e-03 1.448786933906376362e-04 1.130445860326290131e-03 2.151367664337158203e-01 4.059667699038982391e-03 1.117264491767855361e-05 1.939895749092102051e-02 1.046590507030487061e-03
1.080000000000000000e+05 2.661595121026039124e-03 2.428913488984107971e-03 1.841608900576829910e-03 3.703341644722968340e-05 5.868396692676469684e-05 3.954415733460336924e-04 2.888877934310585260e-04 6.714945357089163736e-06 1.523807994090020657e-03 5.615585832856595516e-04 8.069933205842971802e-02 3.042607754468917847e-02 5.411729216575622559e-03 1.409390824846923351e-04 9.670105064287781715e-04 2.189666330814361572e-01 4.083848092705011368e-03 9.196032806357834488e-06 1.846793107688426971e-02 8.869639714248478413e-04
1.090000000000000000e+05 2.241509268060326576e-03 2.083831466734409332e-03 1.614473527297377586e-03 3.133814243483357131e-05 5.065556615591049194e-05 3.234031319152563810e-04 2.566401672083884478e-04 6.656234290858265013e-06 1.115358085371553898e-03 4.802001349162310362e-04 8.327659219503402710e-02 3.378990665078163147e-02 5.206173285841941833e-03 1.101226371247321367e-04 8.682356565259397030e-04 2.199455350637435913e-01 4.128336906433105469e-03 8.423471626883838326e-06 1.760579831898212433e-02 7.869803230278193951e-04
1.100000000000000000e+05 1.936330110765993595e-03 1.786822685971856117e-03 1.455335412174463272e-03 2.957539436465594918e-05 4.698758129961788654e-05 2.618473954498767853e-04 2.249069657409563661e-04 5.435427283373428509e-06 8.482206612825393677e-04 4.033581353724002838e-04 9.025689959526062012e-02 3.739949315786361694e-02 5.245199427008628845e-03 1.029373379424214363e-04 7.664704462513327599e-04 2.230789512395858765e-01 4.155347589403390884e-03 7.068110789987258613e-06 1.728847250342369080e-02 7.008894463069736958e-04
1.110000000000000000e+05 1.688337768428027630e-03 1.578365219756960869e-03 1.305611571297049522e-03 2.423142723273485899e-05 4.096497286809608340e-05 2.206922072218731046e-04 2.079393161693587899e-04 4.880866981693543494e-06 6.247184355743229389e-04 3.528798115439713001e-04 9.418018907308578491e-02 3.982936590909957886e-02 5.269920919090509415e-03 8.588100899942219257e-05 6.816122913733124733e-04 2.237365990877151489e-01 4.102830309420824051e-03 6.324338755803182721e-06 1.678506657481193542e-02 6.402044673450291157e-04
1.120000000000000000e+05 1.475040102377533913e-03 1.405905699357390404e-03 1.164199784398078918e-03 2.197003595938440412e-05 3.739015301107428968e-05 1.957611675607040524e-04 1.888746919576078653e-04 4.096277734788600355e-06 4.828915116377174854e-04 3.165610542055219412e-04 9.875184297561645508e-02 4.239868745207786560e-02 5.286271683871746063e-03 7.270957576110959053e-05 6.814834196120500565e-04 2.258234471082687378e-01 4.152183420956134796e-03 5.440357199404388666e-06 1.641949452459812164e-02 5.846506101079285145e-04
1.130000000000000000e+05 1.306421589106321335e-03 1.246362226083874702e-03 1.034089480526745319e-03 1.987645737244747579e-05 3.136530722258612514e-05 1.764051557984203100e-04 1.648139877943322062e-04 3.445493803155841306e-06 3.795223892666399479e-04 2.867250004783272743e-04 1.010084450244903564e-01 4.445024579763412476e-02 5.228623747825622559e-03 7.028858090052381158e-05 6.221585208550095558e-04 2.269867062568664551e-01 4.076075274497270584e-03 4.622196684067603201e-06 1.636421866714954376e-02 5.469376337714493275e-04
1.140000000000000000e+05 1.161244697868824005e-03 1.111740013584494591e-03 9.364637080579996109e-04 1.877689282991923392e-05 3.061394818359985948e-05 1.525118423160165548e-04 1.469214766984805465e-04 3.765679593925597146e-06 2.976424875669181347e-04 2.595270343590527773e-04 1.053269580006599426e-01 4.593848809599876404e-02 5.277819000184535980e-03 6.088656664360314608e-05 5.105237942188978195e-04 2.265331149101257324e-01 4.111152142286300659e-03 4.260088189766975120e-06 1.616837270557880402e-02 5.168080097064375877e-04
1.150000000000000000e+05 1.046382822096347809e-03 1.021821983158588409e-03 8.434175979346036911e-04 1.799762321752496064e-05 2.669878267624881119e-05 1.383641210850328207e-04 1.343804324278607965e-04 3.586364982766099274e-06 2.365944819757714868e-04 2.308368129888549447e-04 1.087101623415946960e-01 4.765993356704711914e-02 5.267539527267217636e-03 6.262910028453916311e-05 4.608865128830075264e-04 2.279597967863082886e-01 4.106868989765644073e-03 3.892908807756612077e-06 1.602525077760219574e-02 4.925116663798689842e-04
1.150000000000000000e+05 1.046382822096347809e-03 1.021821983158588409e-03 8.434175979346036911e-04 1.799762321752496064e-05 2.669878267624881119e-05 1.383641210850328207e-04 1.343804324278607965e-04 3.586364982766099274e-06 2.365944819757714868e-04 2.308368129888549447e-04 1.087101623415946960e-01 4.765993356704711914e-02 5.267539527267217636e-03 6.262910028453916311e-05 4.608865128830075264e-04 2.279597967863082886e-01 4.106868989765644073e-03 3.892908807756612077e-06 1.602525077760219574e-02 4.925116663798689842e-04
1.160000000000000000e+05 9.702173992991447449e-04 9.551120456308126450e-04 8.022810798138380051e-04 1.452386732125887647e-05 2.249402314191684127e-05 1.270708016818389297e-04 1.261383149540051818e-04 2.891160647777724080e-06 2.276012528454884887e-04 2.261803892906755209e-04 1.078172698616981506e-01 4.790312796831130981e-02 5.230401642620563507e-03 5.851081004948355258e-05 4.634874931070953608e-04 2.275383174419403076e-01 4.046577494591474533e-03 3.260878884248086251e-06 1.600911654531955719e-02 4.826125514227896929e-04
1.170000000000000000e+05 9.133543353527784348e-04 9.046250488609075546e-04 7.613073685206472874e-04 1.410941149515565485e-05 2.093186412821523845e-05 1.226947933901101351e-04 1.219489276991225779e-04 2.449804924253839999e-06 2.121193101629614830e-04 2.179382863687351346e-04 1.062171310186386108e-01 4.831135645508766174e-02 5.130448378622531891e-03 6.058032158762216568e-05 4.887542454525828362e-04 2.290000170469284058e-01 3.991622943431138992e-03 3.053113232454052195e-06 1.588426902890205383e-02 4.716221010312438011e-04
1.180000000000000000e+05 8.520417613908648491e-04 8.566702017560601234e-04 7.209338946267962456e-04 1.235419313161401078e-05 1.945556323335040361e-05 1.155765712610445917e-04 1.154588608187623322e-04 2.234668045275611803e-06 1.950688601937144995e-04 2.091696369461715221e-04 1.065702885389328003e-01 4.873928055167198181e-02 5.178428255021572113e-03 5.711962148780003190e-05 4.736756091006100178e-04 2.289157807826995850e-01 3.987822681665420532e-03 2.785254537229775451e-06 1.572232134640216827e-02 4.650545306503772736e-04
1.190000000000000000e+05 7.957810885272920132e-04 8.075548103079199791e-04 6.815970991738140583e-04 1.211444032378494740e-05 1.822354715841356665e-05 1.106389245251193643e-04 1.068875426426529884e-04 2.208755176980048418e-06 1.804931089282035828e-04 1.986001880140975118e-04 1.064105778932571411e-01 4.914876073598861694e-02 5.205726251006126404e-03 5.810812217532657087e-05 4.402349586598575115e-04 2.282749861478805542e-01 3.941491246223449707e-03 2.906058853113790974e-06 1.564494706690311432e-02 4.565012059174478054e-04
1.200000000000000000e+05 7.482734508812427521e-04 7.545879343524575233e-04 6.426293984986841679e-04 1.239733228430850431e-05 1.787089786375872791e-05 1.017291069729253650e-04 1.009698535199277103e-04 2.305704583704937249e-06 1.646275341045111418e-04 1.838201715145260096e-04 1.069346740841865540e-01 4.973855242133140564e-02 5.184243433177471161e-03 5.880465687368996441e-05 4.269871278665959835e-04 2.284408956766128540e-01 3.946531098335981369e-03 2.827252728820894845e-06 1.560544408857822418e-02 4.404974170029163361e-04
1.210000000000000000e+05 6.947892252355813980e-04 7.001347839832305908e-04 6.059199804440140724e-04 1.273780253541190177e-05 1.503638031863374636e-05 9.842592407949268818e-05 9.415297245141118765e-05 2.287531515321461484e-06 1.430218544555827975e-04 1.714621466817334294e-04 1.072661504149436951e-01 5.028820782899856567e-02 5.243061576038599014e-03 6.066981586627662182e-05 4.011537530459463596e-04 2.286516129970550537e-01 3.925928846001625061e-03 2.865828491849242710e-06 1.549819577485322952e-02 4.259929410181939602e-04
1.220000000000000000e+05 6.529761594720184803e-04 6.402810104191303253e-04 5.706949741579592228e-04 1.210860864375717938e-05 1.408560638083145022e-05 9.210192365571856499e-05 8.843974501360207796e-05 2.118262045769370161e-06 1.242107682628557086e-04 1.594224740983918309e-04 1.095563322305679321e-01 5.160517990589141846e-02 5.233472213149070740e-03 6.512422987725585699e-05 3.979514876846224070e-04 2.285842746496200562e-01 3.927886020392179489e-03 2.867298917408334091e-06 1.546781323850154877e-02 4.159904783591628075e-04
1.230000000000000000e+05 6.099549354985356331e-04 5.921960109844803810e-04 5.345402169041335583e-04 1.081553000403800979e-05 1.369276105833705515e-05 8.539202826796099544e-05 8.177497511496767402e-05 2.262174575662356801e-06 1.070833604899235070e-04 1.464129891246557236e-04 1.129127368330955505e-01 5.353229120373725891e-02 5.328878760337829590e-03 5.988973134662955999e-05 3.622238873504102230e-04 2.286660522222518921e-01 3.928762394934892654e-03 3.215370043108123355e-06 1.541898585855960846e-02 4.021902568638324738e-04
1.240000000000000000e+05 5.704852519556879997e-04 5.453493213281035423e-04 5.032389308325946331e-04 1.007298578770132735e-05 1.212006736750481650e-05 7.687336619710549712e-05 7.668392208870500326e-05 2.011967580983764492e-06 9.653114102547988296e-05 1.345357886748388410e-04 1.146223992109298706e-01 5.495603755116462708e-02 5.395128857344388962e-03 6.227556150406599045e-05 3.595400485210120678e-04 2.285022586584091187e-01 3.909461665898561478e-03 2.807168584695318714e-06 1.536081638187170029e-02 3.897930728271603584e-04
1.250000000000000000e+05 5.310158012434840202e-04 5.104648298583924770e-04 4.665020969696342945e-04 1.020644867821829394e-05 1.156362304755020887e-05 7.190115866251289845e-05 7.353304681601002812e-05 1.678263288340531290e-06 8.683527994435280561e-05 1.243519509444013238e-04 1.164115816354751587e-01 5.578303709626197815e-02 5.394455976784229279e-03 6.953631236683577299e-05 3.430613433010876179e-04 2.299497425556182861e-01 3.888287348672747612e-03 2.371879190832260065e-06 1.528906449675559998e-02 3.767296439036726952e-04
1.260000000000000000e+05 4.951346782036125660e-04 4.785747732967138290e-04 4.373986157588660717e-04 9.095132554648444057e-06 1.063727358996402472e-05 6.670075526926666498e-05 6.803098949603736401e-05 1.489141595811815932e-06 8.042378613026812673e-05 1.171480835182592273e-04 1.166782900691032410e-01 5.599317699670791626e-02 5.395763553678989410e-03 7.096214540069922805e-05 3.216649929527193308e-04 2.298692464828491211e-01 3.819356672465801239e-03 2.050105422313208692e-06 1.524042896926403046e-02 3.646703553386032581e-04
1.270000000000000000e+05 4.615180077962577343e-04 4.515215405263006687e-04 4.123742692172527313e-04 8.728840839467011392e-06 1.059443184203701094e-05 6.251286686165258288e-05 6.260467489482834935e-05 1.196961079585889820e-06 7.435238512698560953e-05 1.099028741009533405e-04 1.177105009555816650e-01 5.613306164741516113e-02 5.373841151595115662e-03 6.975477299420163035e-05 3.015290130861103535e-04 2.298476397991180420e-01 3.740126267075538635e-03 1.757227664711535908e-06 1.515752449631690979e-02 3.509871312417089939e-04
1.280000000000000000e+05 4.332415410317480564e-04 4.255004459992051125e-04 3.860032302327454090e-04 9.095354471355676651e-06 1.009867082757409662e-05 5.900396354263648391e-05 5.941458221059292555e-05 1.134956960413546767e-06 6.997316086199134588e-05 1.047824189299717546e-04 1.193374395370483398e-01 5.601130425930023193e-02 5.306382663547992706e-03 6.981172919040545821e-05 2.756984904408454895e-04 2.295428365468978882e-01 3.680489026010036469e-03 1.737683192004624289e-06 1.511419657617807388e-02 3.430120414122939110e-04
1.290000000000000000e+05 4.075090691912919283e-04 4.010170232504606247e-04 3.654506290331482887e-04 8.467385669064242393e-06 9.492547178524546325e-06 5.655312634189613163e-05 5.708767639589495957e-05 1.181480456580175087e-06 6.428199412766844034e-05 9.875206887954846025e-05 1.201176196336746216e-01 5.569051578640937805e-02 5.310785956680774689e-03 6.552773993462324142e-05 2.709871914703398943e-04 2.297558784484863281e-01 3.645318094640970230e-03 1.841249058998073451e-06 1.505483500659465790e-02 3.363098658155649900e-04
1.300000000000000000e+05 3.837411059066653252e-04 3.789288166444748640e-04 3.445002366788685322e-04 7.725101568212267011e-06 9.257038982468657196e-06 5.233891351963393390e-05 5.484379653353244066e-05 1.165618414233904332e-06 5.973137376713566482e-05 9.356999362353235483e-05 1.210045963525772095e-01 5.552754551172256470e-02 5.297875497490167618e-03 6.791816849727183580e-05 2.596425183583050966e-04 2.304094582796096802e-01 3.623230149969458580e-03 1.749377929627371486e-06 1.503099687397480011e-02 3.297573130112141371e-04
